#Longitude Latitude Depth_(km) mrr mtt mff mrt mrf mtf Exponent_(dyn-cm) Seismic_moment_Mo Magnitude_Mw Strike_A Dip_A Rake_A Strike_B Dip_B Rake_B Slip_trend_A Slip_plunge_A Slip_trend_B Slip_plunge_B Trend_P Plunge_P Trend_B Plunge_B Trend_T Plunge_T fclvd Isotropic Iso_ratio u_Hudson v_Hudson X_Kaverina Y_Kaverina ID rupture_type
65.53 -17.59 20.2 -0.176 -0.814 0.99 -0.158 0.045 0.384 20.0 1.00562e+20 2.6 55.881 80.9268 -8.34528 147.206 81.7599 -170.831 57.2061 -8.24013 325.881 -9.07319 11.6084 12.2895 188.81 77.6962 281.482 0.582354 0.131444 0.0 0.0 -0.262888 2.96059e-16 -0.155783 0.768138 202105121405A SS
179.71 -25.24 508.3 0.442 -0.56 0.119 -0.507 -1.5 -0.783 19.0 1.83894e+19 2.1 95.1831 27.2593 162.168 201.142 81.9371 63.8727 291.142 8.06292 185.183 62.7407 312.675 31.9648 205.077 25.8498 84.1394 46.6986 0.0413662 3333330000000000.0 0.000181264 0.082377 0.000177681 0.141054 -0.158117 202110210810A R
121.7 24.63 80.4 0.932 -0.038 -0.895 0.022 -1.94 -0.976 19.0 2.35631e+19 2.2 65.5297 26.3726 149.021 183.804 76.7828 66.9704 273.804 13.2172 155.53 63.6274 292.09 28.1538 189.356 22.386 66.6619 52.6731 0.0471134 -3333330000000000.0 -0.000141464 0.0945032 -0.000138224 0.231472 -0.208858 202110240511A R
26.44 34.98 24.0 -0.865 -0.839 1.7 1.48 -3.89 0.415 19.0 4.43461e+19 2.4 226.198 16.2948 -24.197 339.529 83.3962 -104.93 249.529 -6.6038 136.198 -73.7052 233.25 49.4662 341.285 14.8286 82.6594 36.6827 0.0623259 -1.33333e+16 -0.000300665 -0.124068 -0.000291874 -0.117026 -0.351265 202110120924A N
-90.58 13.15 34.6 0.985 -0.817 -0.167 0.371 -0.454 0.498 19.0 1.19355e+19 2.0 286.28 32.3439 69.8229 129.787 59.8565 102.321 219.787 30.1435 16.2804 57.6561 210.84 14.0232 303.528 10.6339 69.4836 72.2671 0.0496725 3333330000000000.0 0.000279279 0.0987996 0.000272719 0.529867 -0.355699 202105120845A R
126.29 0.28 20.4 1.56 -1.49 -0.067 -0.266 0.721 -1.37 19.0 2.19011e+19 2.2 266.253 50.6791 131.702 31.6717 54.7188 50.9173 121.672 35.2812 356.253 39.3209 148.168 2.27239 56.8031 30.9738 241.943 58.9242 0.134109 1e+16 0.000456598 0.26736 0.00042954 0.606393 0.0570722 202106031009A R-SS
100.01 25.62 15.1 -0.243 -1.44 1.68 -0.045 0.417 -0.014 19.0 1.629e+19 2.1 45.3962 80.1873 6.82519 314.228 83.2751 170.119 44.2277 6.72487 135.396 9.81272 0.0318484 2.16099 100.317 78.0662 269.583 11.7309 0.18566 -1e+16 -0.000613874 -0.370188 -0.000566029 0.126865 0.75885 202105211348A SS
166.89 -13.69 105.2 -1.27 0.283 0.99 -0.755 1.7 -0.89 19.0 2.36404e+19 2.2 313.3 19.8094 -110.263 154.725 71.4629 -82.8891 64.7248 -18.5371 223.3 -70.1906 75.796 62.8816 332.454 6.74021 239.13 26.1333 0.113027 1e+16 0.000423005 -0.226855 0.000401004 -0.33182 -0.466915 202110180726A N
171.58 -22.95 13.8 1.02 -1.14 0.127 0.591 -0.011 0.037 19.0 1.23646e+19 2.0 272.045 30.6614 90.6008 91.347 59.3405 89.6438 181.347 30.6595 2.04541 59.3386 181.607 14.3398 91.5286 0.306373 0.330336 75.6568 0.0990933 2.33333e+16 0.00188711 0.194575 0.00180574 0.552221 -0.533089 202102101224A R
145.48 -3.44 12.0 0.075 -1.6 1.52 0.139 0.069 0.656 19.0 1.70071e+19 2.1 326.425 84.8223 -179.702 236.398 89.703 -5.17773 146.398 -0.297016 236.425 -5.17766 191.295 3.86914 53.1242 84.8138 281.529 3.44824 0.0445597 -1.66667e+16 -0.00097998 0.0910344 -0.000957519 -0.00570956 0.838228 202104270805A SS
167.78 -16.08 168.2 0.296 -0.261 -0.035 -1.53 -0.431 0.502 19.0 1.69031e+19 2.1 158.411 18.3562 168.265 259.565 86.3276 72.0025 349.565 3.67241 248.411 71.6438 5.83193 38.7435 260.757 17.9593 151.315 45.7596 0.143101 0.0 0.0 -0.286201 7.40149e-17 0.0648184 -0.299758 202101100648A R
-173.43 -15.14 56.0 -0.204 0.518 -0.313 -3.14 0.549 0.252 19.0 3.22931e+19 2.3 211.902 7.28784 -158.174 100.236 87.2967 -83.2296 10.2358 -2.70329 121.902 -82.7122 17.2947 47.2856 279.915 6.76287 183.804 41.9163 0.0609842 3333330000000000.0 0.000103221 -0.122169 0.000100207 -0.0486731 -0.491785 202011070927A N
-179.78 51.12 24.0 0.85 -0.699 -0.15 0.925 0.639 -0.53 19.0 1.47025e+19 2.0 242.587 19.9857 96.3002 55.8871 70.1401 87.7145 145.887 19.8599 332.587 70.0143 147.672 25.1066 56.6639 2.1495 322.091 64.7887 0.109811 3333330000000000.0 0.000226718 0.21919 0.000215421 0.3592 -0.541309 202101031238A R
167.91 -16.18 190.0 1.12 -0.151 -0.97 -5.63 -3.54 0.228 19.0 6.73718e+19 2.5 16.4438 3.70047 49.2931 237.21 87.1957 92.4153 327.21 2.80433 106.444 86.2995 324.906 42.1472 57.0917 2.41245 149.75 47.7508 0.131321 -3333330000000000.0 -4.94767e-05 -0.262548 -4.65724e-05 0.0510207 -0.564981 202008051205A R
167.62 -17.11 12.1 2.02 0.361 -2.38 -0.148 -0.681 -0.123 19.0 2.33203e+19 2.2 358.513 36.4722 83.8287 186.171 53.7728 94.5435 276.171 36.2272 88.5132 53.5278 272.923 8.66893 3.48256 3.66382 116.18 80.5776 0.144159 3333330000000000.0 0.000142937 0.28805 0.000133856 0.64225 -0.447843 202009060259A R
-25.01 -60.97 12.0 -3.44 2.0 1.44 1.01 0.401 2.85 19.0 4.27282e+19 2.4 38.4985 38.5953 -103.782 235.922 52.7095 -79.2342 145.922 -37.2905 308.498 -51.4047 188.913 78.8308 49.351 8.54633 318.273 7.13741 0.230603 1365.33 3.19539e-17 -0.461205 0.0 -0.652563 -0.355334 202007260053A N
147.74 -7.84 71.6 -0.739 -2.35 3.09 -1.95 4.05 0.702 20.0 5.33912e+20 3.1 51.9956 30.3393 -10.4677 151.055 84.7345 -119.922 61.0553 -5.26546 321.996 -59.6607 32.4907 42.4666 154.079 29.7827 265.941 33.0504 0.13516 3.33333e+16 6.24323e-05 -0.270437 5.8665e-05 -0.091967 -0.0929166 202007170250A N
-172.06 -16.01 22.6 -0.706 -0.912 1.62 0.508 0.46 -0.062 19.0 1.5655e+19 2.1 319.727 53.3224 -155.803 214.702 70.8086 -39.2318 124.702 -19.1914 229.727 -36.6776 171.145 40.905 12.7724 47.0162 270.793 10.9481 0.198489 6666670000000000.0 0.000425848 -0.397758 0.00039029 -0.336375 0.258322 202003171606A SS-N
157.87 49.11 52.6 1.96 -0.199 -1.76 0.189 -0.293 -0.815 21.0 2.06765e+21 3.5 31.8814 42.9339 102.931 194.47 48.4035 78.2396 284.47 41.5965 121.881 47.0661 292.766 2.76658 202.339 8.76743 40.1252 80.7998 0.0493049 3.33333e+17 0.000161213 0.0982949 0.000157427 0.723107 -0.324855 202003250249A R
127.9 3.23 104.3 0.78 0.612 -1.39 0.686 -1.33 -0.284 18.0 1.94362e+18 1.5 42.7508 31.2103 151.831 157.358 75.8406 61.893 247.358 14.1594 132.751 58.7897 269.033 25.5816 164.802 27.1813 35.3549 51.0541 0.0839813 666667000000000.0 0.000343002 0.167303 0.000329706 0.246973 -0.121972 202003180313A R-SS
-24.85 -60.06 13.0 0.66 0.079 -0.739 0.028 0.663 -0.383 19.0 1.03972e+19 1.9 221.139 28.1388 121.203 6.65504 66.21 74.5133 96.655 23.79 311.139 61.8612 108.229 19.7731 13.0324 14.142 249.754 65.3358 0.156702 0.0 0.0 0.313405 1.4803e-16 0.418173 -0.320971 202002081432A R
126.58 5.41 28.7 1.23 0.235 -1.46 0.516 1.05 -0.073 19.0 1.79554e+19 2.1 164.195 28.1599 58.7944 18.6875 66.1933 105.501 108.687 23.8067 254.195 61.8401 97.1041 19.7541 192.3 14.1531 315.625 65.3447 0.0636748 1.66667e+16 0.000928228 0.125547 0.000901345 0.418453 -0.32071 202002061340A R
-179.87 51.11 22.8 1.31 -1.34 0.026 0.822 0.608 -0.402 19.0 1.72138e+19 2.1 268.493 29.0842 113.641 61.8864 63.5576 77.4257 151.886 26.4424 358.493 60.9158 161.183 17.6422 67.5588 11.2406 306.596 68.8785 0.0349623 -1.33333e+16 -0.000774574 0.0714457 -0.000760527 0.466021 -0.361464 202001260631A R
-177.81 51.96 12.0 -0.375 -0.086 0.461 0.233 -0.848 -2.54 19.0 2.72126e+19 2.2 92.4642 72.2654 178.469 182.931 88.5419 17.7405 272.931 1.45807 182.464 17.7346 316.324 11.3848 187.478 72.2016 49.0937 13.4963 0.165334 0.0 0.0 -0.330669 7.40149e-17 0.0268334 0.634368 202001230553A SS
-25.69 -59.45 103.9 1.45 -0.349 -1.1 0.798 1.34 -0.496 19.0 2.09656e+19 2.1 203.833 21.0213 84.6253 29.5887 69.0755 92.0615 119.589 20.9245 293.833 68.9787 117.993 24.0487 208.852 1.92552 303.155 65.8645 0.0495129 3333330000000000.0 0.00015899 -0.0993361 0.000155168 0.3784 -0.541943 202001200651A R
123.87 -0.15 129.4 0.782 0.262 -1.04 1.2 0.602 1.85 19.0 2.47099e+19 2.2 3.2661 61.5631 155.076 105.744 68.2489 30.8434 195.744 21.7511 93.2661 28.4369 233.247 4.28295 137.567 52.8867 326.456 36.7807 0.0762228 1.33333e+16 0.000539595 -0.153485 0.000519848 0.385387 0.391218 202001191658A SS-R
-66.79 18.02 12.0 -3.19 3.42 -0.235 -0.707 -1.5 2.35 19.0 4.38591e+19 2.4 266.941 40.5158 -54.4899 43.7548 58.0735 -116.398 313.755 -31.9265 176.941 -49.4842 263.903 65.7136 58.4628 22.1697 152.338 9.41718 0.200671 -1.66667e+16 -0.000380005 -0.400645 -0.00034837 -0.551556 -0.136432 202001070824A N-SS
139.3 -2.71 48.8 0.906 -1.32 0.418 -0.613 0.541 -0.477 19.0 1.50498e+19 2.1 44.2951 44.759 37.0744 286.08 64.882 128.35 16.0803 25.118 134.295 45.241 349.467 11.6506 87.5163 34.1796 243.381 53.3459 0.0461623 1.33333e+16 0.000885949 0.0905899 0.00086735 0.435039 0.0499483 202001181638A R-SS
96.27 2.21 12.0 1.22 -0.808 -0.416 2.61 -2.79 0.63 19.0 4.01874e+19 2.3 296.133 9.47119 69.9976 136.39 81.1049 93.266 226.39 8.89508 26.1333 80.5288 223.535 36.0245 315.884 3.22667 50.2995 53.7849 0.00193773 -1.33333e+16 -0.000331779 0.00453805 -0.000331293 0.161302 -0.546127 202001070605A R
141.66 37.62 43.2 2.85 -0.404 -2.45 1.2 3.1 -1.17 19.0 4.42301e+19 2.4 207.139 20.6915 94.8777 21.9272 69.3868 88.1605 111.927 20.6132 297.139 69.3085 113.355 24.3654 22.575 1.72165 288.782 65.5659 0.0270906 -1.33333e+16 -0.000301454 0.0547757 -0.000297322 0.373057 -0.546331 201908041023A R
-114.17 -50.03 12.0 -0.041 0.397 -0.356 -0.013 0.033 0.968 19.0 1.03985e+19 1.9 100.61 88.2776 -1.14047 190.644 88.86 -178.277 100.644 -1.13996 10.61 -1.72236 55.6344 2.02415 224.128 87.9344 325.62 0.411692 0.0376084 0.0 0.0 -0.0752168 7.40149e-17 -0.0222324 0.892454 201908020550A SS
167.85 -16.28 187.8 0.205 0.331 -0.536 -0.719 -0.338 0.612 20.0 1.10688e+20 2.6 190.585 62.5552 153.605 293.469 66.7634 30.1046 23.4688 23.2366 280.585 27.4448 61.2321 2.68967 327.703 52.6493 153.277 37.2198 0.317196 -1365.33 -1.23349e-17 -0.634392 0.0 0.411854 0.399784 201907311502A SS-R
104.85 -7.4 51.9 2.11 -0.947 -1.17 0.881 -0.261 -1.76 20.0 2.702e+20 2.9 200.222 45.3192 54.8686 65.2412 54.4433 120.195 155.241 35.5567 290.222 44.6808 134.328 4.93457 226.546 24.1526 33.516 65.2846 0.117666 -2.33333e+17 -0.000863559 0.236965 -0.000816518 0.611208 -0.0755547 201908021203A R-SS
128.13 -0.72 12.0 -0.72 7.35 -6.64 0.59 0.58 2.83 20.0 7.61634e+20 3.2 124.029 83.9204 0.367469 33.9906 89.6346 173.92 123.991 0.365402 214.029 6.07962 79.1709 4.03584 210.564 83.9093 348.849 4.55405 0.0933588 -3.33333e+17 -0.000437655 -0.18588 -0.000418985 0.00699894 0.823904 201907140910A SS
167.38 -15.46 110.7 0.901 -0.783 -0.118 0.631 -0.447 -1.03 19.0 1.54217e+19 2.1 201.282 51.4303 36.6687 86.3814 62.166 135.168 176.381 27.834 291.282 38.5697 146.079 6.35574 241.224 38.8382 48.3287 50.445 0.0237682 0.0 0.0 0.0475365 -3.70074e-17 0.482722 0.157236 201907011713A R-SS
169.61 -21.65 30.6 3.56 -0.89 -2.67 0.458 -2.04 1.96 19.0 4.30236e+19 2.4 316.113 32.1336 71.6808 157.468 59.6727 101.168 247.468 30.3273 46.1134 57.8664 239.354 13.9892 331.775 9.6239 95.241 72.9074 0.0565748 0.0 0.0 0.11315 2.59052e-16 0.534045 -0.372718 201905191456A R
155.19 -4.66 493.1 -1.11 1.16 -0.054 0.386 -0.21 0.303 19.0 1.25507e+19 2.0 62.1176 39.0604 -113.148 270.955 54.5912 -72.3061 180.955 -35.4088 332.118 -50.9396 230.08 73.4876 80.4823 14.3424 348.42 8.01045 0.0394177 -1.33333e+16 -0.00106235 -0.0767481 -0.00104368 -0.614685 -0.261024 201907111708A N
-27.06 -56.35 82.5 -0.142 0.709 -0.567 -0.365 -0.56 0.901 19.0 1.29645e+19 2.0 288.96 59.6716 0.4092 198.753 89.6468 149.671 288.753 0.353198 18.9599 30.3284 248.042 20.6525 18.1495 59.6691 149.641 21.1872 0.173389 0.0 0.0 -0.346778 2.59052e-16 0.00630698 0.422755 201904221449A SS-R
169.61 -21.67 30.9 1.21 -0.072 -1.14 -0.063 -0.909 0.593 19.0 1.60198e+19 2.1 318.502 31.6087 60.3002 172.314 62.918 106.957 262.314 27.082 48.5016 58.3913 249.907 16.2772 344.411 15.0508 114.98 67.5369 0.0462711 -6666670000000000.0 -0.000416152 0.0933555 -0.000406618 0.473965 -0.291162 201905191427A R
-27.45 -56.02 57.6 -0.331 1.25 -0.914 -4.04 -4.56 1.11 19.0 6.29293e+19 2.5 294.761 11.9208 -15.5855 40.0259 86.8186 -101.494 310.026 -3.1814 204.761 -78.0792 298.107 46.9787 40.6724 11.4764 140.743 40.739 0.118065 1.66667e+16 0.000264847 -0.236631 0.000250587 -0.0567341 -0.411414 201904051614A N
122.56 -1.85 12.0 0.248 1.62 -1.87 0.041 -0.318 0.127 20.0 1.79174e+20 2.8 43.2418 83.2008 -174.943 312.642 84.9784 -6.8255 222.642 -5.02158 313.242 -6.79918 267.849 8.37248 96.464 81.5333 358.033 1.25032 0.153178 -6.66667e+16 -0.000372078 0.30705 -0.000346932 -0.095855 0.809547 201904121140A SS
-81.05 -1.99 16.1 1.42 -0.02 -1.4 0.212 -2.45 0.17 19.0 2.83985e+19 2.2 351.372 15.0247 86.6988 174.79 75.0008 90.8855 264.79 14.9992 81.3718 74.9753 264.067 29.9954 354.56 0.855336 86.0415 59.9898 0.000222552 0.0 0.0 -0.000445104 -2.22045e-16 0.273017 -0.575375 201903310704A R
126.2 10.35 43.3 1.31 0.165 -1.47 0.225 0.563 0.193 19.0 1.53524e+19 2.1 160.398 35.9789 69.3495 5.37027 56.6508 104.361 95.3703 33.3492 250.398 54.0211 85.093 10.5731 177.359 11.9575 314.694 73.9332 0.0792706 1.66667e+16 0.00108561 0.156447 0.00104687 0.582666 -0.315894 201903081506A R
151.06 -5.94 47.6 2.16 -2.36 0.201 0.754 -0.277 -0.649 19.0 2.49083e+19 2.2 243.771 38.4098 70.1845 88.4663 54.2327 105.044 178.466 35.7673 333.771 51.5902 167.783 8.09295 259.538 12.1581 44.8946 75.3255 0.0996664 3333330000000000.0 0.000133824 0.199077 0.000127703 0.622828 -0.298834 201903301120A R
-81.13 13.22 12.0 -0.087 -0.731 0.818 0.018 -0.091 0.892 19.0 1.18735e+19 2.0 249.535 85.5948 0.234074 159.517 89.7666 175.595 249.517 0.233383 339.535 4.40523 204.611 2.94817 336.49 85.5886 114.441 3.27871 0.0720239 0.0 0.0 -0.144048 1.4803e-16 0.00450045 0.850453 201811250340A SS
152.13 -3.33 372.2 -4.72 3.88 0.837 1.65 -0.223 0.757 19.0 4.72884e+19 2.4 71.5704 35.4765 -99.5189 263.205 55.0838 -83.2783 173.205 -34.9162 341.57 -54.5235 198.158 78.6861 79.3462 5.50757 348.387 9.85196 0.141944 -1e+16 -0.000211468 0.284285 -0.000198115 -0.617151 -0.422451 201902171435A N
146.05 19.01 139.0 -0.123 0.632 -0.509 -0.926 0.241 1.06 19.0 1.54142e+19 2.1 195.093 51.3343 -175.996 102.589 86.875 -38.734 12.589 -3.12501 105.093 -38.6657 51.5568 28.707 278.701 51.1599 155.521 23.7806 0.0281383 -341.333 -2.21441e-17 -0.0562766 3.70074e-17 -0.0550706 0.278061 201902121234A SS-N
-25.08 -56.79 17.7 3.9 -0.101 -3.8 -0.843 2.62 1.3 19.0 4.90868e+19 2.4 162.638 27.9192 90.3174 342.279 62.0812 89.8318 72.2792 27.9188 252.638 62.0808 72.4036 17.0811 342.358 0.148624 251.874 72.9182 0.0613302 -3333330000000000.0 -6.79069e-05 0.122792 -6.59168e-05 0.50446 -0.547356 201811152002A R
-35.87 35.26 16.8 -0.078 0.965 -0.887 -0.316 0.223 1.98 19.0 2.22082e+19 2.2 192.868 80.6281 -175.813 102.185 85.8689 -9.39656 12.185 -4.13114 102.868 -9.37192 57.2123 9.56037 258.661 79.7429 147.833 3.68134 0.0121698 0.0 0.0 -0.0243397 0.0 -0.078113 0.76924 201902141957A SS
-49.93 15.65 12.0 -1.56 2.46 -0.899 -0.507 -0.756 1.69 19.0 2.88641e+19 2.2 284.316 51.3949 -31.0314 34.8907 66.2434 -137.022 304.891 -23.7566 194.316 -38.6051 256.097 46.5569 58.2716 42.0382 156.476 8.99447 0.347997 3333330000000000.0 0.000115484 -0.696197 0.000101527 -0.413747 0.191554 201811111403A N-SS
-66.6 -57.55 20.7 3.67 -0.716 -2.96 0.705 1.11 1.41 19.0 3.88443e+19 2.3 139.829 41.5233 66.9626 349.425 52.4064 109.111 79.4247 37.5936 229.829 48.4767 65.9726 5.62549 157.489 15.0359 316.02 73.8993 0.0833469 -2e+16 -0.000514876 -0.165703 -0.000495182 0.650123 -0.234913 201810290654A R
156.61 49.27 22.6 1.64 -0.478 -1.17 0.605 0.958 -0.84 19.0 2.03295e+19 2.1 214.768 28.062 91.6321 32.9187 61.9504 89.1301 122.919 28.0496 304.768 61.938 123.562 16.9461 33.3278 0.767722 300.81 73.0355 0.0404617 -2.66667e+16 -0.00131172 0.0834905 -0.00128354 0.505857 -0.536302 201810090745A R
71.25 37.05 126.1 2.71 -3.73 1.02 -1.25 -1.82 -0.875 19.0 4.09747e+19 2.3 107.74 39.826 136.466 233.857 63.8234 58.8439 323.857 26.1766 197.74 50.174 345.944 13.363 248.79 27.6655 98.9984 58.7582 0.0789887 0.0 0.0 0.157977 -7.40149e-17 0.453181 -0.0660497 201805091041A R-SS
153.43 52.71 473.4 -0.543 0.25 0.293 -0.093 -0.907 -0.885 20.0 1.35504e+20 2.7 99.4919 42.4542 -156.328 351.568 74.2752 -50.0409 261.568 -15.7248 9.49187 -47.5458 301.96 45.5084 158.774 38.1851 52.8109 19.2735 0.0112004 0.0 0.0 -0.0224008 0.0 -0.273814 0.0795958 201810131110A N-SS
-177.59 51.26 31.5 2.62 -2.43 -0.19 2.07 1.54 -0.952 19.0 3.73704e+19 2.3 261.578 24.6668 111.239 58.4225 67.1081 80.5545 148.423 22.8919 351.578 65.3332 155.59 21.5629 62.1253 8.69556 311.445 66.584 0.0125186 0.0 0.0 0.0250372 -7.40149e-17 0.406741 -0.419531 201808230335A R
-178.11 -18.31 564.2 -0.559 0.308 0.251 -0.305 -1.02 0.505 20.0 1.27421e+20 2.7 254.591 23.1006 -38.6733 20.9523 75.8081 -108.419 290.952 -14.1919 164.591 -66.8994 267.744 55.464 25.6199 17.8372 125.679 28.4928 0.0332125 0.0 0.0 -0.066425 -1.4803e-16 -0.249713 -0.28616 201809301052A N
121.54 24.0 13.9 2.45 -4.25 1.8 1.44 -0.594 -2.54 19.0 4.74663e+19 2.4 211.897 53.9975 27.8517 104.643 67.7934 140.586 194.643 22.2066 301.897 36.0025 161.11 8.53436 259.945 45.666 63.0455 43.0708 0.30536 -2730.67 -5.75285e-17 0.610721 -4.44089e-16 0.388491 0.251468 201802061550A SS-R
148.8 -6.44 37.2 1.03 -1.02 -0.009 0.274 0.456 -0.458 19.0 1.24236e+19 2.0 266.19 37.2588 117.965 52.4838 57.6747 70.3689 142.484 32.3253 356.19 52.7412 156.472 10.6427 63.2824 16.493 277.942 70.2033 0.0551725 3333330000000000.0 0.000268306 0.109822 0.000261321 0.561507 -0.239122 201807191830A R
142.97 -6.29 12.0 1.69 -1.29 -0.4 1.13 -0.255 0.7 21.0 2.04255e+21 3.5 307.139 28.7785 105.181 109.939 62.314 81.8152 199.939 27.686 37.1393 61.2215 205.979 16.9316 113.762 7.24238 1.4436 71.4976 0.0272498 0.0 0.0 -0.0544996 -7.40149e-17 0.49134 -0.426284 201802251744A R
9.95 -53.06 12.0 -3.02 8.55 -5.53 2.09 0.8 0.69 19.0 7.86677e+19 2.5 132.453 71.4099 -4.29623 223.825 85.9283 -161.361 133.825 -4.07168 42.4534 -18.5901 89.6369 15.9996 235.713 70.937 356.712 10.0911 0.356881 -5461.33 -6.94228e-17 -0.713762 -1.4803e-16 -0.0747212 0.618425 201801281603A SS
-111.06 26.78 17.3 -0.201 -3.04 3.24 -0.097 -0.463 -0.612 19.0 3.23854e+19 2.3 129.27 82.8896 176.855 219.66 86.8791 7.12104 309.66 3.12086 219.27 7.11043 354.287 2.81037 243.206 82.2283 84.6446 7.23987 0.0749119 -3333330000000000.0 -0.000102927 -0.149625 -9.93114e-05 0.0595235 0.806367 201801191617A SS
-80.6 -0.58 29.2 1.29 0.15 -1.44 0.285 -2.03 -0.225 19.0 2.47646e+19 2.2 23.2868 18.7231 117.521 174.469 73.4608 81.0991 264.469 16.5392 113.287 71.2769 271.583 27.9301 177.022 8.52982 71.6028 60.5728 0.0378514 0.0 0.0 0.0757028 1.11022e-16 0.295276 -0.441549 201712031119A R
168.84 -21.49 22.0 -1.56 0.518 1.04 -0.444 -0.49 -0.48 19.0 1.59981e+19 2.1 133.935 43.3603 -115.583 347.299 51.7369 -67.8154 257.299 -38.2631 43.9353 -46.6397 318.017 72.1748 153.127 17.2461 61.7674 4.37074 0.242326 -6666670000000000.0 -0.000416716 0.485404 -0.000376325 -0.659248 -0.189161 201711200009A N
140.15 10.0 12.0 0.002 3.1 -3.1 -0.021 -0.826 0.602 19.0 3.26422e+19 2.3 308.67 78.9949 -8.47079 40.2984 81.6861 -168.877 310.298 -8.3139 218.67 -11.0051 264.72 13.7231 76.6299 76.1443 174.262 1.87615 0.059263 6666670000000000.0 0.000204235 0.118129 0.000198519 -0.156085 0.736752 201712080951A SS
8.92 -53.89 16.4 -0.152 1.55 -1.4 0.124 0.218 0.385 20.0 1.55046e+20 2.7 127.514 80.4007 -2.6435 217.955 87.3935 -170.391 127.955 -2.60646 37.5136 -9.59934 83.1114 8.63106 232.99 80.0466 352.363 4.91968 0.0834475 -6.66667e+16 -0.00042998 -0.166068 -0.000413464 -0.0492554 0.766772 201710101853A SS
168.79 -21.64 12.0 -7.14 3.04 4.1 -1.72 1.71 -3.56 19.0 7.55458e+19 2.5 320.655 35.6792 -87.694 137.817 54.3541 -91.6549 47.8172 -35.6459 230.655 -54.3208 40.6637 80.5617 138.782 1.34475 229.003 9.34023 0.00328624 -2730.67 -3.61458e-17 -0.00657249 1.11022e-16 -0.636467 -0.491261 201711010223A N
144.0 37.48 13.8 -1.84 -0.177 2.01 0.245 0.879 1.43 19.0 2.57023e+19 2.2 35.8965 34.9533 -75.9137 198.874 56.2423 -99.6549 108.874 -33.7577 305.896 -55.0467 78.2742 76.5281 204.275 8.01521 295.808 10.7563 0.297802 -2.33333e+16 -0.000907831 -0.593987 -0.000808219 -0.594096 -0.384201 201710060759A N
-84.58 9.45 29.6 7.11 -5.94 -1.17 5.85 -3.31 3.15 19.0 9.93496e+19 2.6 294.076 23.7523 85.8846 118.571 66.3127 91.8089 208.571 23.6873 24.076 66.2477 207.198 21.2929 297.844 1.65643 32.0836 68.6365 0.0380983 0.0 0.0 0.0761967 -2.96059e-16 0.427772 -0.537552 201711130228A R
168.67 -21.45 12.0 -3.19 0.679 2.51 -0.719 1.1 -1.31 20.0 3.45133e+20 3.0 334.619 33.8956 -86.4371 150.329 56.1787 -92.3909 60.3286 -33.8213 244.619 -56.1044 51.6923 78.6711 151.66 1.9861 242.051 11.1489 0.000226892 -3.33333e+16 -9.65811e-05 0.000646897 -9.65562e-05 -0.604122 -0.489432 201711192243A N
168.95 -18.85 208.0 2.33 2.93 -5.26 3.32 -0.045 -0.699 19.0 5.68803e+19 2.4 148.45 59.9347 31.213 41.5635 63.3527 145.908 131.564 26.6473 238.45 30.0653 95.6908 2.12713 188.034 47.7465 3.76259 42.1742 0.110541 0.0 0.0 -0.221082 1.85037e-16 0.468048 0.328844 201709202009A SS-R
120.65 14.03 180.4 3.46 -2.34 -1.12 0.827 -1.04 0.298 19.0 3.34741e+19 2.3 278.113 35.3493 75.2577 115.994 55.9779 100.232 205.994 34.0221 8.11349 54.6507 198.656 10.4344 290.227 8.46626 58.5519 76.5026 0.311179 0.0 0.0 -0.622358 1.4803e-16 0.597979 -0.37481 201708110528A R
130.13 26.9 12.0 -0.935 0.235 0.7 0.289 0.429 0.538 19.0 1.12549e+19 2.0 32.9244 31.2594 -90.6226 213.653 58.7426 -89.6221 123.653 -31.2574 302.924 -58.7406 124.777 76.2542 33.4566 0.323068 303.378 13.7418 0.100464 0.0 0.0 -0.200929 -1.4803e-16 -0.562607 -0.53013 201707261032A N
-73.65 -16.7 66.4 2.89 -6.11 3.22 2.43 -0.983 1.53 19.0 6.10233e+19 2.5 239.043 47.1513 26.3858 130.4 70.9846 134.002 220.4 19.0154 329.043 42.8487 189.91 14.5063 292.933 41.0543 84.7324 45.3383 0.418743 0.0 0.0 0.837487 -1.11022e-16 0.331296 0.146031 201707180205A R-SS
-91.38 13.57 38.1 1.66 -1.28 -0.376 0.616 -0.465 0.692 20.0 1.82818e+20 2.8 294.838 32.7408 83.9365 122.036 57.4651 93.8856 212.036 32.5349 24.8381 57.2592 209.224 12.3847 299.944 3.27505 44.5033 77.1762 0.00440791 1.33333e+17 0.000729324 -0.0102697 0.000726929 0.579979 -0.473396 201706221231A R
82.74 44.4 27.6 3.56 -4.06 0.505 -0.365 -1.25 -0.638 19.0 4.09986e+19 2.3 100.539 44.2037 117.886 244.105 51.9572 65.5394 334.105 38.0428 190.539 45.7963 351.175 4.07982 259.765 19.0322 92.7963 70.5022 0.0434916 1.66667e+16 0.000406518 0.0861868 0.00039821 0.654402 -0.156763 201708082327A R
-80.73 -0.36 13.9 0.707 0.031 -0.737 0.003 -1.06 -0.132 19.0 1.28958e+19 2.0 18.4793 17.9265 106.26 181.436 72.8134 84.8242 271.436 17.1866 108.479 72.0735 275.565 27.6351 182.969 4.94411 83.6655 61.8503 0.0287482 3333330000000000.0 0.000258482 0.0569865 0.000254945 0.309191 -0.501168 201706302229A R
-92.17 14.92 72.7 -1.48 0.845 0.631 2.25 -1.83 -1.1 20.0 3.35748e+20 3.0 136.651 14.9978 -82.936 309.341 75.1186 -91.887 219.341 -14.8814 46.6514 -75.0022 216.685 59.8391 309.826 1.82372 40.8831 30.0941 0.102838 -1.33333e+17 -0.000397123 -0.204918 -0.000378572 -0.270181 -0.559364 201706140729A N
-67.92 -23.2 164.2 -0.955 -0.444 1.4 0.427 -2.77 -1.02 19.0 3.22958e+19 2.3 124.398 17.916 -137.157 352.972 77.9257 -76.6642 262.972 -12.0743 34.3976 -72.084 279.559 55.158 170.133 13.0355 71.9241 31.6619 0.204474 3333330000000000.0 0.000103212 -0.409137 9.44329e-05 -0.214212 -0.373975 201704150819A N
149.54 -6.3 48.4 3.39 -3.91 0.524 0.649 -0.168 -0.084 19.0 3.7395e+19 2.3 265.288 40.0963 84.6022 92.3298 50.1173 94.5286 182.33 39.8827 355.288 49.9037 179.117 5.01982 269.422 3.47359 33.97 83.8905 0.12969 1.33333e+16 0.000356554 0.258707 0.000335995 0.70392 -0.430531 201703052247A R
122.78 4.57 621.5 -0.073 0.143 -0.07 0.071 -0.966 0.27 21.0 1.01313e+21 3.3 268.714 15.551 -0.952648 359.632 89.7446 -105.549 269.632 -0.25539 178.714 -74.449 254.564 43.1863 359.703 15.5488 104.576 42.693 0.15127 0.0 0.0 0.302541 0.0 -0.00452419 -0.342402 201701100613A N
174.34 52.34 38.3 0.736 -0.839 0.103 0.557 0.586 -0.2 19.0 1.14968e+19 2.0 281.134 29.4062 132.266 54.9217 68.6937 69.2397 144.922 21.3063 11.1345 60.5938 160.5 21.0433 62.7641 19.2828 294.006 60.8014 0.0212064 0.0 0.0 -0.0424127 -3.70074e-16 0.372601 -0.23927 201612030923A R
-74.43 -43.41 32.8 1.75 -0.029 -1.73 0.106 -2.24 -0.034 21.0 2.83868e+21 3.6 4.04844 18.9841 95.6112 178.117 71.1103 88.0735 268.117 18.8897 94.0484 71.0159 269.633 26.0862 178.741 1.82274 85.0259 63.8405 0.0116191 -3e+18 -0.00105683 -0.0211333 -0.0010524 0.342169 -0.549563 201612251422A R
176.0 -19.28 17.3 -3.02 0.393 2.62 -0.22 0.004 1.32 20.0 3.14013e+20 2.9 200.837 44.33 -95.8529 28.9925 45.961 -84.3111 298.993 -44.039 110.837 -45.67 13.679 85.8324 205.031 4.08629 114.973 0.817562 0.0637015 -2.33333e+17 -0.000743068 -0.12596 -0.000721345 -0.771149 -0.393603 201701032152A N
137.55 8.34 15.7 1.56 -0.82 -0.74 0.513 -0.098 -1.11 19.0 1.82529e+19 2.1 209.238 42.5992 64.5549 62.1157 52.3231 111.557 152.116 37.6769 299.238 47.4008 136.996 5.06678 228.54 16.9066 30.8597 72.3063 0.104778 0.0 0.0 0.209556 2.22045e-16 0.649903 -0.199417 201612180947A R
74.14 39.27 19.1 -0.047 -0.68 0.727 -0.125 -0.199 -0.858 20.0 1.13488e+20 2.6 109.976 78.2031 -176.878 19.3372 86.9438 -11.8139 289.337 -3.05625 19.9761 -11.7969 334.08 10.5016 185.037 77.8026 65.2211 6.1345 0.0208098 0.0 0.0 -0.0416196 -7.40149e-17 -0.0573055 0.730909 201611251424A SS
161.12 -10.46 45.5 5.22 -3.57 -1.65 -1.35 -1.86 3.69 21.0 6.34477e+21 3.8 285.243 49.5823 57.118 150.16 50.2556 122.518 240.16 39.7444 15.2426 40.4177 217.818 0.364293 307.984 24.4147 127.016 65.5822 0.0249159 -349525.0 -5.50887e-17 0.0498318 7.40149e-17 0.680017 -0.0391813 201612081738A R-SS
-174.95 -15.45 12.0 -0.165 1.32 -1.15 0.197 -0.16 0.701 19.0 1.44978e+19 2.0 30.4431 79.4868 -176.725 299.845 86.7802 -10.53 209.845 -3.21977 300.443 -10.5132 254.7 9.71427 103.032 78.9941 345.579 5.12358 0.094385 1.66667e+16 0.0011496 -0.190965 0.00109758 -0.060641 0.7516 201610260519A SS
141.76 38.46 53.7 1.65 -0.055 -1.59 0.444 1.37 -0.411 19.0 2.20676e+19 2.2 191.395 24.7063 85.2264 16.6472 65.3851 92.1926 106.647 24.6149 281.395 65.2937 104.994 20.3564 195.734 1.99329 291.085 69.5376 0.0200928 1.66667e+16 0.000755257 0.0386883 0.000748624 0.443777 -0.52857 201611112142A R
141.91 24.98 522.7 -1.27 0.502 0.768 -0.504 -2.64 -1.37 19.0 3.2137e+19 2.3 109.507 29.5892 -154.828 357.279 77.8765 -62.8011 267.279 -12.1235 19.5071 -60.4108 297.303 49.7646 171.119 26.5442 65.8479 27.8 0.157294 0.0 0.0 0.314588 -7.40149e-17 -0.211718 -0.138285 201608041624A N
168.39 54.76 13.8 -0.099 -2.18 2.28 -0.767 -0.812 -0.385 19.0 2.52511e+19 2.2 130.607 63.7241 -177.556 39.5247 87.8084 -26.2966 309.525 -2.19155 40.6073 -26.2759 351.91 19.8813 215.1 63.6187 88.1056 16.6181 0.00762536 3333330000000000.0 0.000132008 -0.0155137 0.000131481 -0.0394559 0.491 201609052254A SS-N
-70.98 -35.06 96.2 -2.27 -0.487 2.75 -1.74 -2.12 1.01 19.0 3.87536e+19 2.3 172.926 26.8977 -128.395 34.5495 69.2332 -72.5123 304.549 -20.7668 82.9255 -63.1023 331.274 61.8025 208.175 16.3185 111.27 22.3271 0.110387 -2.33333e+16 -0.000602095 -0.21963 -0.000572252 -0.364699 -0.293633 201611041620A N
148.18 -2.97 12.0 -0.143 3.04 -2.89 0.285 1.32 4.12 19.0 5.25406e+19 2.4 107.642 75.1308 -1.91582 198.134 88.1484 -165.123 108.134 -1.85164 17.6424 -14.8692 63.8571 11.7885 205.069 75.0107 331.936 9.12592 0.0117933 2.33333e+16 0.000444101 -0.0244691 0.000441214 -0.0343738 0.68144 201607251938A SS
130.69 32.71 12.0 0.009 0.969 -0.978 0.221 -0.123 0.582 19.0 1.16209e+19 2.0 29.5445 77.4271 179.763 119.596 89.7685 12.573 209.596 0.231501 119.545 12.5729 253.876 8.6888 120.634 77.4249 345.266 9.02014 0.00642319 -682.667 -5.87446e-17 0.0128464 -1.11022e-16 0.00433027 0.719379 201604141503A SS
71.04 36.44 210.8 1.04 -1.11 0.077 0.298 0.196 -0.027 20.0 1.1348e+20 2.6 279.035 38.0606 106.313 78.6454 53.7239 77.5967 168.645 36.2761 9.03539 51.9394 177.467 7.95346 86.0593 9.97161 305.393 77.1938 0.0384418 2.33333e+17 0.00205617 0.0728356 0.00202394 0.633825 -0.335508 201604101028A R
130.74 32.77 14.8 -0.325 2.06 -1.74 0.097 -0.475 1.08 19.0 2.25607e+19 2.2 299.235 79.1401 -10.1747 31.1713 80.0094 -168.971 301.171 -9.9906 209.235 -10.8599 255.286 14.8269 72.8431 75.1603 165.126 0.604579 0.0840511 -1.66667e+16 -0.000738748 -0.166681 -0.000710493 -0.187516 0.735514 201604141226A SS
145.26 18.82 582.5 -0.878 -0.255 1.13 -0.504 -0.099 -0.103 19.0 1.15362e+19 2.0 149.643 50.2427 -129.633 21.9692 53.6969 -52.5207 291.969 -36.3031 59.6431 -39.7573 353.058 60.5597 177.553 29.3648 86.4699 1.924 0.0209391 -1e+16 -0.000866839 0.0435917 -0.000856807 -0.623167 0.0327834 201511241321A N-SS
